1
1.209148 
1.208921 
1.207869 
1.210129 
1.207042 
1.194337 
1.185376 
1.201306 
1.182637 
1.185887 
1.186321 
1.185828 
1.204682 

2
1.192018 
1.183797 
1.190905 
1.216176 
1.187415 
1.190009 
1.373256 
1.186121 
1.187606 
1.202573 
1.183329 
1.203093 
1.201314 

4
1.208480 
1.203714 
1.205258 
1.184102 
1.209866 
1.193322 
1.205073 
1.192026 
1.187033 
1.186719 
1.184494 
1.186233 
1.186155 

8
1.214146 
1.187249 
1.186840 
1.211316 
1.189447 
1.187649 
1.207904 
1.184796 
1.201003 
1.179465 
1.178353 
1.173489 
1.192698 

16
1.207117 
1.184746 
1.186273 
1.207766 
1.186434 
1.186873 
1.187851 
1.193834 
1.188029 
1.193104 
1.221289 
1.192442 
1.212501 

32
1.213829 
1.192504 
1.206953 
1.211365 
1.234974 
1.185948 
1.202647 
1.210398 
1.187836 
1.189300 
1.200630 
1.205920 
1.216001 

64
1.208025 
1.203535 
1.207416 
1.191709 
1.238712 
1.183748 
1.205457 
1.206868 
1.207037 
1.208113 
1.184306 
1.211674 
1.190190 

128
1.186774 
1.189682 
1.213107 
1.204069 
1.191608 
1.214772 
1.210885 
1.210310 
1.204662 
1.209872 
1.187786 
1.188737 
1.192677 

256
1.187709 
1.190562 
1.185743 
1.204952 
1.189536 
1.209083 
1.192759 
1.188674 
1.184977 
1.189446 
1.205454 
1.190111 
1.189847 

512
1.211617 
1.200702 
1.185153 
1.184190 
1.186481 
1.184768 
1.188775 
1.186583 
1.203239 
1.206699 
1.187556 
1.186060 
1.208308 

1024
1.205491 
1.205097 
1.201455 
1.188616 
1.211828 
1.187448 
1.213912 
1.202523 
1.191601 
1.205436 
1.208624 
1.090785 
0.989296 

