0.057610 
0.065209 
0.065729 
0.066511 
0.066294 
0.065580 
0.066700 
0.067035 
0.067685 
0.066749 
0.068512 
0.066165 
0.065923 
0.067198 
0.064820 
0.066961 
0.064110 
0.065924 
0.067310 
0.066151 
0.067783 
0.065900 
0.066997 
0.066769 
0.065004 
0.063423 
0.063643 
0.065951 
0.066764 
0.065961 
0.065296 
0.065424 
0.064916 
0.064042 
0.062762 
0.063098 
0.062496 
0.063310 
0.063849 
0.067222 
0.071670 
0.067100 
0.062975 
0.063635 
0.062722 
0.064938 
0.069361 
0.061081 
0.061656 
0.062210 
0.063812 
0.064493 
0.063609 
0.060200 
0.062239 
0.061727 
0.061686 
0.061675 
0.060344 
0.062471 
0.061944 
0.061550 
0.061510 
0.062260 
0.061599 
0.063391 
0.062809 
0.062293 
0.062864 
0.063636 
0.062354 
0.062531 
0.062796 
0.062947 
0.064304 
0.062672 
0.063997 
0.062530 
0.064256 
0.066370 
0.065493 
0.063715 
0.064765 
0.063004 
0.062669 
0.062168 
0.077216 
0.062436 
0.062052 
0.060837 
0.062129 
0.060995 
0.062935 
0.063031 
0.062595 
0.060864 
0.060870 
0.062404 
0.062613 
0.064621 
0.065302 
0.065808 
0.063239 
0.064146 
0.073331 
0.062510 
0.063473 
0.070854 
0.062278 
0.065677 
0.067316 
0.062486 
0.061120 
0.064346 
0.063950 
0.072473 
0.065246 
0.064097 
0.064110 
0.065965 
0.062124 
0.062129 
0.069691 
0.065884 
0.063780 
0.064830 
0.063476 
0.068268 
0.066587 
0.067291 
0.070636 
0.068157 
0.066215 
0.066528 
0.067166 
0.064065 
0.064198 
0.065458 
0.067084 
0.065858 
0.065046 
0.064593 
0.063367 
0.067766 
0.072527 
0.068470 
0.068264 
0.072807 
0.065632 
0.062336 
0.063773 
0.064376 
0.066364 
0.064685 
0.065265 
0.066534 
0.066363 
0.066370 
0.063416 
0.065962 
0.064868 
0.066941 
0.064681 
0.065092 
0.065709 
0.073841 
0.062939 
0.074250 
0.064473 
0.063542 
0.063605 
0.064160 
0.064935 
0.066366 
0.066650 
0.067039 
0.065737 
0.066431 
0.067026 
0.066491 
0.074694 
0.063473 
0.066549 
0.065907 
0.066105 
0.067194 
0.066982 
0.066079 
0.067563 
0.065547 
0.069044 
0.065901 
0.066077 
0.065078 
0.065835 
0.064481 
0.064760 
0.066012 
0.070087 
0.068241 
0.066970 
0.068787 
0.068240 
0.066058 
0.065366 
0.065155 
0.065671 
0.061966 
0.062517 
0.065879 
0.066586 
0.067486 
0.068949 
0.066361 
0.066053 
0.066116 
0.067410 
0.064645 
0.064192 
0.069267 
0.064153 
0.065907 
0.066098 
0.066313 
0.064805 
0.065978 
0.066300 
0.065165 
0.064198 
0.066082 
0.064754 
0.065567 
0.066077 
0.067105 
0.066441 
0.067673 
0.066260 
0.068356 
0.068739 
0.066223 
0.066873 
0.067501 
0.067848 
0.068082 
0.064880 
0.068692 
0.065836 
0.067798 
0.064202 
0.064600 
0.065191 
0.066684 
0.067614 
0.064257 
0.064186 
0.066413 
0.066590 
0.067342 
0.067446 
0.065370 
0.064287 
0.065837 
0.066765 
0.066012 
0.067382 
0.066766 
0.068491 
0.066090 
0.066344 
0.067023 
0.066496 
0.065846 
0.064251 
0.065730 
0.064844 
0.062677 
0.065487 
0.064361 
0.066197 
0.065292 
0.064783 
0.064806 
0.064893 
0.066423 
0.064097 
0.063378 
0.067276 
0.068004 
0.067607 
0.065848 
0.067146 
0.066144 
0.067049 
0.068014 
0.064115 
0.066808 
0.067144 
0.073086 
0.067417 
0.062615 
0.066358 
0.064764 
0.065611 
0.065299 
0.065205 
0.067937 
0.063560 
0.076172 
0.064315 
0.067734 
0.065723 
0.066451 
0.066509 
0.067925 
0.070825 
0.066397 
0.067873 
0.067009 
0.067091 
0.067349 
0.066594 
0.067057 
0.065880 
0.067723 
0.067311 
0.067431 
0.066939 
0.066732 
0.065845 
0.068589 
0.066236 
0.068323 
0.065329 
0.065236 
0.065499 
0.067007 
0.066305 
0.068477 
0.064889 
0.065332 
0.065090 
0.064038 
0.065573 
0.064659 
0.065142 
0.079057 
0.063330 
0.067108 
0.065669 
0.067288 
0.068762 
0.065390 
0.068116 
0.066105 
0.067749 
0.065734 
0.066609 
0.072629 
0.066495 
0.066013 
0.065374 
0.077116 
0.064257 
0.066435 
0.067397 
0.065548 
0.066455 
0.066712 
0.064266 
0.065623 
0.066465 
0.065693 
0.065945 
0.069042 
0.064273 
0.068422 
0.065441 
0.072102 
0.064528 
0.067677 
0.068318 
0.062935 
0.071008 
0.065583 
0.066896 
0.070296 
0.063992 
0.069406 
0.066502 
0.067414 
0.068295 
0.066916 
0.066843 
0.067272 
0.065610 
0.065020 
0.065400 
0.066887 
0.065608 
0.067620 
0.066917 
0.065578 
0.064951 
0.063489 
0.066474 
0.067541 
0.065650 
0.066478 
0.066770 
0.066415 
0.064052 
0.065605 
0.064053 
0.066531 
0.063641 
0.064072 
0.073472 
0.064047 
0.064556 
0.067559 
0.064927 
0.063685 
0.065437 
0.065067 
0.070364 
0.067833 
0.066081 
0.066699 
0.066246 
0.066937 
0.067834 
0.067962 
0.067691 
0.064919 
0.064979 
0.072664 
0.066741 
0.063844 
0.066577 
0.071454 
0.065102 
0.068281 
0.067038 
0.065982 
0.065869 
0.065437 
0.063035 
0.063873 
0.064606 
0.064262 
0.067498 
0.068070 
0.066852 
0.064389 
0.064486 
0.067376 
0.066407 
0.065535 
0.070476 
0.067419 
0.066885 
0.067015 
0.065960 
0.065554 
0.064824 
0.066359 
0.066968 
0.066068 
0.067689 
0.069366 
0.070742 
0.066803 
0.065539 
0.071445 
0.066411 
0.070358 
0.070053 
0.067009 
0.065225 
0.066961 
0.066773 
0.066502 
0.066811 
0.066722 
0.068305 
0.067197 
0.066963 
0.067521 
0.067123 
0.067120 
0.065103 
0.064310 
0.064991 
0.065763 
0.065912 
0.067528 
0.066909 
0.064691 
0.065988 
0.067439 
0.066355 
0.067034 
0.067471 
0.066645 
0.065417 
0.065926 
0.066851 
0.066893 
0.065943 
0.066789 
0.066550 
0.064892 
0.065815 
0.065675 
0.064694 
0.065676 
0.069705 
0.065935 
0.065364 
0.063679 
0.065557 
0.067138 
0.066332 
0.064507 
0.065192 
0.067013 
0.066272 
0.066730 
0.069017 
0.066729 
0.064714 
0.066975 
0.066457 
0.066245 
0.067099 
0.066790 
0.065336 
0.069714 
0.067511 
0.066611 
0.066338 
0.065924 
0.066738 
0.064910 
0.064059 
0.070001 
0.063752 
0.076881 
0.061605 
0.065736 
0.066259 
0.065865 
0.066309 
0.065490 
0.066850 
0.067241 
0.066624 
0.066372 
0.068404 
0.067589 
0.066730 
0.066502 
0.067338 
0.067070 
0.066037 
0.068304 
0.067300 
0.067231 
0.066988 
0.066658 
0.069320 
0.066292 
0.067005 
0.067195 
0.065180 
0.062845 
0.064283 
0.065922 
0.067120 
0.065889 
0.067564 
0.067300 
0.067231 
0.066095 
0.063986 
0.066853 
0.067034 
0.066938 
0.066810 
0.066366 
0.067087 
0.065631 
0.066093 
0.067569 
0.067154 
0.066269 
0.067591 
0.065713 
0.066098 
0.067553 
0.066782 
0.067920 
0.066562 
0.064750 
0.064181 
0.063550 
0.065558 
0.065145 
0.063087 
0.065070 
0.063954 
0.064323 
0.063079 
0.064123 
0.063358 
0.063679 
0.066645 
0.063849 
0.063859 
0.071059 
0.069250 
0.068716 
0.063251 
0.064363 
0.066177 
0.062122 
0.060954 
0.066704 
0.061313 
0.060546 
0.061704 
0.062691 
0.062669 
0.063153 
0.062537 
0.062727 
0.061618 
0.059691 
0.063792 
0.062382 
0.061978 
0.062735 
0.071458 
0.070675 
0.058882 
0.062163 
0.063094 
0.062676 
0.063920 
0.064573 
0.065611 
0.063043 
0.061988 
0.064503 
0.062273 
0.067317 
0.065692 
0.069799 
0.066662 
0.067050 
0.066255 
0.067232 
0.064684 
0.065098 
0.063809 
0.064725 
0.064297 
0.062854 
0.062028 
0.062136 
0.061478 
0.063345 
0.063277 
0.063099 
0.064267 
0.063684 
0.064514 
0.063312 
0.061466 
0.062013 
0.064352 
0.063699 
0.064830 
0.064724 
0.063987 
0.065610 
0.064977 
0.062956 
0.063093 
0.065190 
0.064079 
0.063596 
0.063678 
0.065240 
0.064202 
0.064511 
0.066012 
0.065584 
0.064951 
0.064570 
0.064160 
0.064806 
0.065776 
0.065236 
0.065585 
0.066182 
0.065429 
0.065932 
0.065663 
0.063373 
0.066745 
0.064681 
0.064520 
0.065260 
0.067236 
0.064362 
0.064136 
0.067341 
0.064435 
0.064448 
0.064621 
0.066632 
0.066928 
0.065282 
0.067701 
0.064971 
0.065097 
0.067242 
0.066902 
0.065496 
0.066432 
0.065144 
0.064494 
0.070175 
0.065723 
0.065859 
0.065867 
0.065303 
0.065901 
0.067065 
0.065500 
0.064713 
0.065821 
0.065487 
0.064495 
0.065561 
0.064868 
0.063951 
0.065591 
0.066307 
0.066656 
0.064918 
0.066349 
0.065951 
0.064257 
0.066321 
0.063317 
0.065707 
0.064401 
0.067529 
0.066345 
0.064858 
0.065352 
0.065670 
0.071458 
0.063891 
0.066383 
0.065383 
0.066404 
0.067523 
0.064041 
0.064822 
0.065343 
0.068631 
0.066358 
0.068205 
0.065829 
0.066576 
0.066904 
0.065437 
0.066728 
0.065117 
0.066738 
0.066605 
0.065795 
0.065557 
0.065427 
0.064804 
0.065929 
0.067006 
0.063334 
0.066937 
0.068560 
0.075677 
0.067619 
0.070269 
0.066969 
0.071416 
0.066560 
0.062767 
0.065098 
0.064580 
0.062717 
0.068750 
0.066140 
0.066005 
0.065011 
0.066117 
0.066268 
0.066228 
0.064370 
0.065167 
0.065799 
0.064071 
0.065093 
0.066060 
0.067054 
0.064499 
0.065697 
0.066855 
0.065624 
0.065859 
0.067011 
0.066717 
0.066393 
0.065128 
0.065935 
0.066911 
0.065271 
0.067527 
0.065599 
0.064424 
0.063923 
0.063959 
0.066818 
0.065154 
0.064783 
0.064495 
0.069177 
0.068472 
0.064734 
0.065639 
0.069257 
0.068809 
0.068396 
0.065019 
0.063196 
0.064584 
0.065868 
0.067026 
0.067310 
0.065747 
0.070154 
0.065240 
0.067195 
0.064195 
0.065557 
0.067248 
0.067009 
0.067330 
0.066129 
0.065966 
0.066717 
0.066467 
0.067155 
0.068987 
0.067683 
0.069333 
0.064297 
0.065494 
0.064957 
0.068414 
0.065862 
0.066506 
0.066017 
0.067414 
0.068005 
0.066511 
0.066732 
0.066854 
0.066988 
0.066712 
0.066645 
0.069056 
0.065368 
0.065667 
0.065229 
0.068720 
0.066844 
0.066319 
0.067377 
0.066210 
0.066406 
0.067907 
0.068451 
0.066901 
0.066379 
0.068558 
0.064154 
0.066511 
0.065259 
0.063462 
0.065421 
0.064910 
0.064789 
0.066202 
0.066310 
0.067227 
0.066528 
0.065807 
0.068659 
0.065250 
0.066411 
0.066309 
0.067763 
0.067429 
0.066195 
0.066820 
0.067177 
0.068266 
0.065691 
0.068250 
0.066821 
0.066850 
0.068136 
0.067444 
0.065051 
0.066391 
0.066382 
0.067927 
0.067282 
0.067713 
0.066417 
0.068681 
0.065502 
0.067108 
0.066173 
0.067106 
0.065140 
0.065408 
0.065545 
0.065538 
0.067354 
0.067355 
0.067731 
0.069620 
0.066960 
0.069173 
0.064762 
0.064107 
0.065911 
0.065917 
0.065557 
0.065913 
0.065563 
0.065907 
0.067352 
0.064671 
0.070274 
0.065437 
0.064780 
0.065195 
0.065873 
0.065793 
0.067691 
0.065008 
0.068354 
0.077658 
0.068320 
0.066349 
0.066841 
0.067645 
0.068016 
0.063799 
0.064624 
0.066665 
0.066064 
0.067340 
0.066847 
0.065430 
0.063841 
0.064684 
0.063474 
0.064868 
0.063121 
0.064066 
0.063002 
0.064624 
0.062852 
0.064684 
0.064523 
0.063811 
0.062488 
0.062527 
0.075567 
0.067302 
0.062765 
0.065631 
0.065121 
0.063959 
