0.308853 
0.308766 
0.289850 
0.271095 
0.264813 
0.253011 
0.249862 
0.246378 
0.280758 
0.258957 
0.266756 
0.274693 
0.258971 
0.256242 
0.253941 
0.255047 
0.292256 
0.245765 
0.245665 
0.244890 
0.244536 
0.244019 
0.245012 
0.242903 
0.244726 
0.246172 
0.245881 
0.244494 
0.244451 
0.244177 
0.242819 
0.241456 
0.242106 
0.244181 
0.243360 
0.242966 
0.243374 
0.244848 
0.243245 
0.243248 
0.242790 
0.243961 
0.243574 
0.242445 
0.243811 
0.246091 
0.244761 
0.242765 
0.242545 
0.242138 
0.243245 
0.242229 
0.244027 
0.243285 
0.244638 
0.243838 
0.245390 
0.243334 
0.239028 
0.240166 
0.243793 
0.241865 
0.242501 
0.242467 
0.246898 
0.243620 
0.242978 
0.243901 
0.242479 
0.242027 
0.244345 
0.247282 
0.241824 
0.244976 
0.242892 
0.243874 
0.244430 
0.245099 
0.243087 
0.242874 
0.244555 
0.243708 
0.244938 
0.241419 
0.241983 
0.244775 
0.241879 
0.240942 
0.241528 
0.242331 
0.244571 
0.243208 
0.244024 
0.242718 
0.244040 
0.242493 
0.242929 
0.241938 
0.244456 
0.242080 
0.241801 
0.244911 
0.243248 
0.240263 
0.244106 
0.241682 
0.240217 
0.242603 
0.240891 
0.249104 
0.242645 
0.243562 
0.244171 
0.244701 
0.242626 
0.245270 
0.242577 
0.244101 
0.244009 
0.244247 
0.243495 
0.241736 
0.242510 
0.242417 
0.244886 
0.244279 
0.242869 
0.241925 
0.245125 
0.244462 
0.243965 
0.244567 
0.245973 
0.243194 
0.243007 
0.242506 
0.245502 
0.241291 
0.244006 
0.244724 
0.242464 
0.242202 
0.244399 
0.244809 
0.241645 
0.244231 
0.243998 
0.244285 
0.242140 
0.242821 
0.241816 
0.244041 
0.242512 
0.242409 
0.243376 
0.243337 
0.241603 
0.242523 
0.244450 
0.242209 
0.242033 
0.242561 
0.245286 
0.243985 
0.242899 
0.242632 
0.248013 
0.242506 
0.239427 
0.244252 
0.245248 
0.243726 
0.242814 
0.244762 
0.243349 
0.241542 
0.242668 
0.246174 
0.242450 
0.242218 
0.241908 
0.245243 
0.241497 
0.243492 
0.247363 
0.243111 
0.254199 
0.242693 
0.241803 
0.243174 
0.243413 
0.244613 
0.244388 
0.241659 
0.242539 
0.244619 
0.245203 
0.241893 
0.242496 
0.243154 
0.243853 
0.243391 
0.243220 
0.244832 
0.246288 
0.244627 
0.243889 
0.244906 
0.243766 
0.241673 
0.242291 
0.243470 
0.242885 
0.242779 
0.244480 
0.247653 
0.243286 
0.243219 
0.237748 
0.243033 
0.241527 
0.233619 
0.245230 
0.240230 
0.241967 
0.243584 
0.244564 
0.242336 
0.242200 
0.243736 
0.243474 
0.244144 
0.241764 
0.243540 
0.243171 
0.244225 
0.244099 
0.242608 
0.245093 
0.243951 
0.242303 
0.243076 
0.244309 
0.241892 
0.243918 
0.242859 
0.243040 
0.244113 
0.243499 
0.244394 
0.242658 
0.243911 
0.243022 
0.241905 
0.241066 
0.243245 
0.241561 
0.243549 
0.241447 
0.239682 
0.248357 
0.244711 
0.243048 
0.243192 
0.245037 
0.242026 
0.242136 
0.242768 
0.242916 
0.242886 
0.241373 
0.241060 
0.253221 
0.243246 
0.242912 
0.241510 
0.243047 
0.244064 
0.243860 
0.245263 
0.243433 
0.244323 
0.243852 
0.246645 
0.241719 
0.244482 
0.244802 
0.244329 
0.242239 
0.243899 
0.243220 
0.245682 
0.244689 
0.244374 
0.244990 
0.242806 
0.243143 
0.244445 
0.245612 
0.242811 
0.242828 
0.243442 
0.244368 
0.244151 
0.244486 
0.244510 
0.245071 
0.243625 
0.242542 
0.242675 
0.244810 
0.243010 
0.243562 
0.243781 
0.244037 
0.242649 
0.243050 
0.245042 
0.241685 
0.241563 
0.252094 
0.242855 
0.254639 
0.256113 
0.253375 
0.258010 
0.264822 
0.277811 
0.269127 
0.255799 
0.257208 
0.255297 
0.248904 
0.247985 
0.255051 
0.265428 
0.260903 
0.276062 
0.292743 
0.270628 
0.266038 
0.266459 
0.250823 
0.243331 
0.260536 
0.252846 
0.256178 
0.260755 
0.268558 
0.273292 
0.291747 
0.287625 
0.290026 
0.292556 
0.274530 
0.275642 
0.280954 
0.255858 
0.264101 
0.247588 
0.250384 
0.254053 
0.247807 
0.247412 
0.244385 
0.245064 
0.250967 
0.252057 
0.265871 
0.264403 
0.258354 
0.264607 
0.268942 
0.282046 
0.273335 
0.264251 
0.262096 
0.260070 
0.264312 
0.258639 
0.260576 
0.258934 
0.256715 
0.253019 
0.246853 
0.249185 
0.258947 
0.252793 
0.255747 
0.265118 
0.263870 
0.252640 
0.255514 
0.265605 
0.277742 
0.273552 
0.292996 
0.285733 
0.270252 
0.273426 
0.281585 
0.293485 
0.280046 
0.299929 
0.288448 
0.268250 
0.261564 
0.259729 
0.257178 
0.255595 
0.266235 
0.253942 
0.256226 
0.266898 
0.267239 
0.257407 
0.256857 
0.254689 
0.255272 
0.247967 
0.259824 
0.257988 
0.255592 
0.257160 
0.243932 
0.247063 
0.247470 
0.248659 
0.259887 
0.256738 
0.249651 
0.256126 
0.260146 
0.253943 
0.254853 
0.252610 
0.256087 
0.250009 
0.256102 
0.256424 
0.255546 
0.254368 
0.246256 
0.242550 
0.242827 
0.247604 
0.248753 
0.245878 
0.245976 
0.243777 
0.241747 
0.253101 
0.247457 
0.244880 
0.243160 
0.241769 
0.244351 
0.242625 
0.245157 
0.245186 
0.244032 
0.243680 
0.242928 
0.246691 
0.243317 
0.242706 
0.243691 
0.244351 
0.242286 
0.243706 
0.242540 
0.246314 
0.242233 
0.243083 
0.243049 
0.245103 
0.243242 
0.244046 
0.246546 
0.242389 
0.243143 
0.244705 
0.245360 
0.242213 
0.242264 
0.242419 
0.247096 
0.241830 
0.243137 
0.241939 
0.244841 
0.243458 
0.244339 
0.243820 
0.245423 
0.241120 
0.240798 
0.243239 
0.243653 
0.241513 
0.244781 
0.247090 
0.244965 
0.242900 
0.244960 
0.246963 
0.242774 
0.242850 
0.244023 
0.245239 
0.244180 
0.243209 
0.245219 
0.243280 
0.252057 
0.251002 
0.245591 
0.244760 
0.243516 
0.245912 
0.246736 
0.245163 
0.244638 
0.243849 
0.245485 
0.242532 
0.243383 
0.244718 
0.241128 
0.242177 
0.243950 
0.245207 
0.240450 
0.241842 
0.242751 
0.243413 
0.242705 
0.242815 
0.242978 
0.242944 
0.243124 
0.243852 
0.242504 
0.244463 
0.243308 
0.242520 
0.243571 
0.240583 
0.242276 
0.242018 
0.243876 
0.242634 
0.242437 
0.244216 
0.245326 
0.243785 
0.243280 
0.242798 
0.242491 
0.243096 
0.242673 
0.243239 
0.246926 
0.242351 
0.245329 
0.246377 
0.243017 
0.242413 
0.243167 
0.246023 
0.243294 
0.241710 
0.243566 
0.237356 
0.242906 
0.242608 
0.245160 
0.245281 
0.242882 
0.243165 
0.241737 
0.242045 
0.242956 
0.251662 
0.244652 
0.240778 
0.242976 
0.243828 
0.242758 
0.240550 
0.242724 
0.244126 
0.244243 
0.241815 
0.243302 
0.241805 
0.245018 
0.242578 
0.242911 
0.241400 
0.243477 
0.242397 
0.243093 
0.245115 
0.242624 
0.243447 
0.242601 
0.243497 
0.241680 
0.242974 
0.242987 
0.243174 
0.243125 
0.242081 
0.243986 
0.245862 
0.243277 
0.243125 
0.244789 
0.243483 
0.244384 
0.241569 
0.244351 
0.244627 
0.243562 
0.243274 
0.245786 
0.242520 
0.244105 
0.245648 
0.246091 
0.244659 
0.243304 
0.243946 
0.243842 
0.243036 
0.242499 
0.244539 
0.244009 
0.241525 
0.242541 
0.244125 
0.242584 
0.242997 
0.243323 
0.244750 
0.242764 
0.243131 
0.243446 
0.243390 
0.243247 
0.243049 
0.245635 
0.242228 
0.242842 
0.243528 
0.243903 
0.242907 
0.245678 
0.244345 
0.244697 
0.242291 
0.242252 
0.242774 
0.244421 
0.243682 
0.241922 
0.246990 
0.244308 
0.242990 
0.243524 
0.245980 
0.241315 
0.242241 
0.244177 
0.244484 
0.241121 
0.240072 
0.241527 
0.244167 
0.243860 
0.242854 
0.244160 
0.243036 
0.252335 
0.256410 
0.246008 
0.253501 
0.242579 
0.243326 
0.245662 
0.244781 
0.243643 
0.244411 
0.246446 
0.243346 
0.243618 
0.243464 
0.245923 
0.242588 
0.241944 
0.242418 
0.245183 
0.242710 
0.244222 
0.248379 
0.242361 
0.244456 
0.242765 
0.246657 
0.241098 
0.242441 
0.243872 
0.244394 
0.243602 
0.242977 
0.243537 
0.247419 
0.243755 
0.242934 
0.246025 
0.244111 
0.250119 
0.253213 
0.249290 
0.244989 
0.249325 
0.242920 
0.243386 
0.248119 
0.255952 
0.258445 
0.253313 
0.255035 
0.242931 
0.245439 
0.242636 
0.243114 
0.244236 
0.246128 
0.242251 
0.244525 
0.248858 
0.244173 
0.243211 
0.244595 
0.243679 
0.242981 
0.248318 
0.247591 
0.247878 
0.240690 
0.242377 
0.243674 
0.243494 
0.240620 
0.242654 
0.242815 
0.243032 
0.246620 
0.244054 
0.244153 
0.248888 
0.242988 
0.241954 
0.249392 
0.243096 
0.244921 
0.243577 
0.244636 
0.241501 
0.242868 
0.241269 
0.243600 
0.243220 
0.244318 
0.252081 
0.250006 
0.254071 
0.257982 
0.264786 
0.258363 
0.254859 
0.265282 
0.267498 
0.262430 
0.261352 
0.265224 
0.279271 
0.269183 
0.259546 
0.270606 
0.268326 
0.321228 
0.313288 
0.283876 
0.279977 
0.303929 
0.324477 
0.306077 
0.277688 
0.257856 
0.274909 
0.256319 
0.277773 
0.272244 
0.277695 
0.293756 
0.284208 
0.268685 
0.271046 
0.284365 
0.260964 
0.262518 
0.257522 
0.264173 
0.252170 
0.266996 
0.256799 
0.269581 
0.256597 
0.256533 
0.260209 
0.265253 
0.257474 
0.262474 
0.255071 
0.247186 
0.261302 
0.260328 
0.276897 
0.282290 
0.290233 
0.307811 
0.278427 
0.276157 
0.286382 
0.272510 
0.266520 
0.261269 
0.261536 
0.263528 
0.268612 
0.281722 
0.265658 
0.268436 
0.259315 
0.263698 
0.250639 
0.247090 
0.245213 
0.251163 
0.257623 
0.251022 
0.247329 
0.257892 
0.251892 
0.253242 
0.258093 
0.247049 
0.250357 
0.247784 
0.244608 
0.246594 
0.245043 
0.243182 
0.247659 
0.244899 
0.241971 
0.242583 
0.245604 
0.265087 
0.243739 
0.243670 
0.242953 
0.244773 
0.251543 
0.247247 
0.269802 
0.254715 
0.260214 
0.249727 
0.262397 
0.260749 
0.261474 
0.268053 
0.285845 
0.269715 
0.332173 
0.272119 
0.282576 
0.288305 
0.291347 
0.278445 
0.286639 
0.286289 
0.294208 
0.305746 
0.276540 
0.271666 
0.285296 
0.301149 
0.277913 
0.275842 
0.282807 
0.267396 
0.282907 
0.272458 
0.280162 
0.296927 
0.291588 
0.284349 
0.293662 
0.291081 
0.279079 
0.290669 
0.284306 
0.282593 
0.261424 
0.268013 
0.253973 
0.257697 
0.246736 
0.246009 
0.247595 
0.248441 
0.245595 
0.238981 
0.245597 
0.244946 
0.248572 
0.241647 
0.235483 
0.265936 
0.235769 
0.272302 
0.244932 
0.235538 
0.237593 
0.243080 
0.233457 
0.269993 
0.242331 
0.232836 
0.275963 
0.240474 
0.231111 
0.267903 
0.248635 
0.250304 
0.246159 
0.241450 
0.243822 
0.240313 
0.238536 
0.272192 
0.279702 
0.276652 
0.287241 
0.275515 
0.267478 
0.263865 
0.254941 
0.252852 
0.252195 
0.266238 
0.256945 
0.281241 
0.265551 
0.272566 
0.273300 
0.262914 
0.259966 
0.256881 
0.249112 
0.245734 
0.253701 
0.246054 
0.244932 
0.246784 
0.251752 
0.244581 
0.244356 
0.244058 
0.245485 
0.248186 
0.242314 
0.246968 
0.246074 
0.241438 
0.247692 
0.246930 
0.243125 
0.243291 
0.254923 
0.261544 
0.245714 
0.272302 
0.258238 
0.258204 
