1.328169 
1.169801 
1.049856 
1.039331 
1.124211 
1.175725 
1.247991 
1.250741 
1.279443 
1.348884 
1.383594 
1.081375 
1.059811 
1.033997 
1.148854 
1.152531 
1.203319 
1.229476 
1.085321 
1.103710 
1.048891 
1.038440 
1.019011 
1.101849 
1.142673 
1.068032 
1.058985 
1.160239 
1.182049 
1.191718 
1.146589 
1.069777 
1.238413 
1.065113 
1.120368 
1.129712 
1.092735 
1.094707 
1.078806 
1.081369 
1.059206 
1.033526 
0.987760 
0.998646 
0.998501 
1.047148 
1.043600 
1.053279 
1.089881 
1.078845 
1.048909 
1.014887 
1.005975 
1.006622 
1.074744 
1.055863 
1.055016 
1.015831 
1.062464 
1.058503 
1.059553 
1.052196 
1.014448 
1.007812 
1.002874 
1.011026 
1.004676 
1.007185 
1.007739 
0.995877 
0.993784 
0.999157 
1.020912 
1.030333 
1.021536 
1.084382 
1.083253 
1.040872 
1.035833 
1.028095 
1.007224 
1.087143 
1.071786 
1.119511 
1.102539 
1.071933 
1.043427 
1.031565 
1.030756 
1.060947 
1.053292 
0.997226 
1.059464 
1.150295 
1.184070 
1.034168 
1.055880 
1.083723 
1.057347 
1.101518 
1.056832 
1.047192 
1.024986 
1.042235 
1.143611 
1.211183 
1.083823 
1.096622 
1.178448 
1.217156 
1.215658 
1.243656 
1.155255 
1.091538 
1.079365 
1.211852 
1.073900 
1.041392 
1.013542 
1.093586 
1.196532 
1.083703 
1.072309 
1.005004 
1.003498 
0.998780 
0.992892 
1.012268 
1.005000 
1.035932 
1.141604 
1.117770 
1.086909 
1.159896 
1.296333 
1.268921 
1.116911 
1.127857 
1.214817 
1.287812 
1.311024 
1.137794 
1.183626 
1.261393 
1.173013 
1.231506 
1.050160 
1.048422 
1.039657 
1.037332 
1.119003 
1.173711 
1.238292 
1.060485 
1.079818 
1.126020 
1.176373 
1.131185 
1.137314 
1.100919 
1.052670 
1.034222 
1.063159 
0.999882 
1.094166 
1.081002 
1.095761 
1.067217 
1.043739 
1.038755 
1.020631 
1.058285 
1.163354 
1.098816 
1.082679 
1.051070 
1.042927 
1.057513 
1.090605 
1.103058 
1.080548 
1.056513 
1.019627 
1.010730 
1.026582 
0.999150 
1.014414 
1.008680 
1.003324 
1.032407 
1.070135 
1.057849 
1.058052 
1.078529 
1.073563 
1.133113 
1.079149 
1.019835 
1.029351 
1.021492 
1.026315 
1.051154 
1.015247 
1.091008 
1.121330 
1.049124 
1.087682 
1.101163 
1.203555 
1.236878 
1.116099 
1.068616 
1.019366 
1.007626 
1.013727 
1.026799 
1.037823 
1.071370 
1.032365 
1.006844 
1.010804 
1.020602 
1.004715 
1.010937 
1.015025 
1.034970 
1.028796 
1.022888 
1.021545 
1.051404 
1.041961 
1.041829 
1.014983 
1.023741 
1.003299 
1.006986 
1.034212 
1.129110 
1.207216 
1.167233 
1.235689 
1.116474 
1.154895 
1.207556 
1.085708 
1.047622 
1.030508 
1.013683 
1.046642 
1.104802 
1.036583 
1.134918 
1.064985 
1.072889 
1.018138 
1.003005 
1.001790 
1.040256 
1.071980 
1.042326 
1.028614 
1.024901 
1.176484 
0.947406 
1.007847 
1.084139 
1.058118 
1.083539 
1.052980 
1.044876 
1.079385 
1.057326 
1.098359 
1.097058 
1.107282 
1.154281 
1.197363 
1.095418 
1.102805 
1.048278 
1.094784 
1.244688 
1.084594 
1.037892 
1.060470 
1.052011 
1.051110 
1.034122 
1.010405 
1.005538 
0.999931 
1.018182 
1.019449 
1.085353 
1.060239 
1.084891 
1.113094 
1.083607 
1.168988 
1.156092 
1.198564 
1.204308 
1.187442 
1.157672 
1.199645 
1.257895 
1.251295 
1.164062 
1.174466 
1.221786 
1.238813 
1.211273 
1.101351 
1.059699 
1.160375 
1.154315 
1.108331 
1.016861 
1.018503 
1.005882 
1.009801 
0.987564 
0.997382 
1.011156 
0.994183 
1.025939 
1.005825 
1.001608 
1.002661 
0.996033 
1.005790 
1.024111 
1.003222 
0.995823 
0.996594 
1.008705 
0.999253 
1.102901 
1.033679 
1.113623 
1.142402 
1.211034 
1.129907 
1.155082 
1.141268 
1.188903 
1.079645 
1.075724 
1.039191 
1.018620 
1.016712 
1.010096 
1.010610 
1.008469 
1.030976 
0.997553 
0.994456 
1.116324 
1.008845 
1.002159 
1.188893 
1.119140 
1.196681 
1.169555 
1.231717 
1.184067 
1.211783 
1.208279 
1.212572 
1.193283 
1.161199 
1.029039 
1.031324 
1.035287 
1.047286 
1.035721 
1.045985 
1.024848 
1.004812 
1.009014 
1.010781 
1.030625 
0.998741 
0.998758 
1.038303 
1.099158 
1.053488 
1.037178 
1.068352 
1.113706 
1.063587 
1.053460 
1.205335 
1.095106 
1.069520 
1.026952 
1.118206 
1.164059 
1.063674 
1.085512 
1.047311 
1.055450 
1.020196 
1.011283 
1.005348 
1.003475 
1.013980 
1.011403 
1.006505 
1.012039 
0.997570 
1.019428 
0.993500 
1.005444 
1.033544 
1.123989 
1.210013 
1.062747 
1.095107 
1.098059 
1.092869 
1.132512 
1.106749 
1.074528 
1.037998 
1.022621 
1.067714 
1.047443 
1.066995 
1.034220 
1.035459 
1.020144 
1.032416 
1.010003 
1.068308 
1.027598 
1.027275 
1.016491 
1.057957 
1.007842 
1.060962 
1.036216 
1.045499 
0.995910 
1.014762 
0.999943 
1.008673 
0.994529 
0.998587 
1.000483 
1.000135 
1.006116 
1.008568 
1.006587 
0.996052 
1.072531 
1.071890 
1.070873 
1.061866 
1.006376 
1.005309 
1.040795 
1.002485 
1.005126 
1.023619 
0.998568 
1.014150 
1.002117 
1.019865 
1.006276 
1.016624 
1.018286 
1.005914 
0.993709 
0.992876 
1.000623 
1.000107 
1.003798 
1.045711 
1.098609 
1.150200 
1.135903 
1.168808 
1.237663 
1.169866 
1.281023 
1.178542 
1.233146 
1.265012 
1.193287 
1.223697 
1.215634 
1.261496 
1.216408 
1.254263 
1.239828 
1.312990 
1.249127 
1.259459 
1.233451 
1.244327 
1.268178 
1.286241 
1.302349 
1.227325 
1.297456 
1.369659 
1.342275 
1.314592 
1.286169 
1.282083 
1.354300 
1.331671 
1.361897 
1.329619 
1.340437 
1.352122 
1.356676 
1.318267 
1.366415 
1.323673 
1.243094 
1.275683 
1.222110 
1.272175 
1.306462 
1.249615 
1.313092 
1.296340 
1.285935 
1.199295 
1.220688 
1.351029 
1.262192 
1.257828 
1.319993 
1.269974 
1.239333 
1.343313 
1.272500 
1.313531 
1.334738 
1.325590 
1.194472 
1.246430 
1.309686 
1.306325 
1.325034 
1.180883 
1.234503 
1.156908 
1.118830 
1.054257 
1.042012 
1.091268 
1.166391 
1.066927 
1.096218 
1.064341 
1.037954 
1.019581 
1.004293 
0.998059 
1.000333 
1.031722 
0.996552 
1.004119 
1.004113 
1.004583 
1.002881 
1.004746 
1.002540 
1.000702 
1.006412 
1.012199 
0.999833 
1.013208 
1.054222 
1.029146 
0.998557 
1.006316 
1.021920 
1.002770 
1.003182 
1.001082 
1.006967 
1.000092 
0.997541 
1.024876 
1.005060 
1.006366 
1.001536 
0.995304 
1.000564 
0.998867 
0.999233 
1.008757 
1.004183 
1.007588 
1.001749 
1.000334 
0.998834 
1.010070 
1.005402 
0.994782 
1.005255 
1.001741 
1.002916 
1.006136 
0.999643 
1.001376 
1.003262 
0.999438 
0.999231 
1.005115 
1.007158 
1.001005 
1.009185 
1.011201 
1.019774 
1.051821 
1.072959 
1.039448 
1.067327 
1.052205 
1.036362 
1.111698 
1.221500 
1.217712 
1.268520 
1.231012 
1.230029 
1.230631 
1.227831 
1.174570 
1.119267 
1.063788 
1.064698 
1.152642 
1.274662 
1.210527 
1.241641 
1.179340 
1.277546 
1.168247 
1.321171 
1.168610 
1.084926 
1.180808 
1.138083 
1.045132 
1.081372 
1.021675 
1.038331 
1.033105 
1.010256 
1.006689 
1.017751 
1.009842 
1.027350 
1.041767 
1.053719 
1.071470 
1.071714 
1.053045 
1.043959 
1.010323 
1.064799 
0.999922 
1.014153 
1.002977 
1.008359 
1.024814 
1.098977 
0.993970 
1.055041 
1.085030 
1.151963 
1.064519 
1.066550 
1.064260 
1.019458 
1.013177 
1.041527 
1.061893 
1.132752 
1.100324 
1.054307 
1.093238 
1.113375 
1.055493 
1.080701 
1.057893 
1.082888 
1.122991 
1.087104 
1.066154 
1.080435 
1.065261 
1.092905 
1.050285 
1.139061 
1.170878 
1.170988 
0.995685 
1.041047 
0.994393 
0.990457 
0.990561 
1.006626 
0.993301 
1.091438 
1.056349 
1.032607 
1.026984 
1.013549 
1.016264 
1.006765 
1.082884 
1.087195 
1.052583 
1.008969 
1.075513 
1.075672 
1.057193 
1.095474 
1.076142 
1.039673 
1.048033 
1.062889 
1.031130 
1.025260 
1.017278 
1.033319 
1.019812 
1.002283 
1.024898 
1.009644 
1.004712 
1.027067 
1.000229 
1.013497 
1.045645 
1.003060 
1.014359 
1.032246 
1.046379 
1.076358 
1.057578 
1.052149 
1.031523 
1.092623 
1.078074 
1.052001 
1.025413 
1.006500 
0.994742 
1.013132 
1.058122 
1.075873 
1.166845 
1.277327 
1.234049 
1.076160 
1.052903 
1.034517 
1.020616 
1.014513 
1.008629 
1.015461 
1.082045 
1.032321 
1.044505 
1.001761 
1.014624 
0.994037 
0.993198 
0.995871 
1.001453 
1.000626 
1.002288 
1.027892 
1.000887 
1.006170 
0.997454 
1.008670 
1.022214 
1.050273 
1.088530 
1.108108 
1.065922 
1.089517 
1.051700 
1.051511 
1.001497 
1.005280 
1.000770 
0.999777 
0.993126 
0.973047 
0.994794 
1.005073 
0.998384 
1.002890 
0.991915 
1.005290 
1.002574 
0.999009 
1.004786 
1.004544 
0.996972 
0.971695 
1.001911 
0.992557 
1.003427 
1.001747 
1.002845 
1.001602 
0.997216 
0.996931 
1.002864 
1.000624 
1.001658 
0.993146 
1.024938 
0.995431 
1.005003 
0.994498 
1.001558 
0.998781 
0.997742 
0.998187 
0.995271 
0.992441 
1.005718 
1.007587 
1.008475 
0.998332 
1.003454 
1.000554 
0.997675 
1.002573 
0.993231 
0.998573 
1.002559 
1.000645 
1.004868 
0.996552 
1.001526 
0.996607 
0.999907 
0.996293 
0.998126 
1.006562 
0.994855 
1.004515 
1.002841 
1.003108 
1.000394 
0.998531 
0.994005 
0.991156 
1.010567 
1.003174 
0.997479 
0.995569 
0.981707 
1.003014 
1.003653 
0.996972 
0.996504 
0.999630 
0.995743 
0.996309 
0.999060 
1.003513 
1.001339 
0.995657 
1.001419 
1.002203 
1.002442 
0.999179 
0.998232 
1.002170 
1.002022 
0.999526 
1.003863 
1.005335 
0.998347 
0.995872 
1.005584 
1.003794 
1.004124 
1.002670 
0.999748 
1.003525 
1.002706 
0.999390 
1.000164 
0.998028 
0.996803 
0.983529 
1.057488 
1.152769 
1.288096 
1.179528 
1.126266 
1.064944 
1.037572 
1.022322 
1.008229 
1.000367 
1.003530 
1.002273 
1.002074 
0.997057 
1.001628 
0.997560 
0.996657 
1.003459 
0.994649 
1.004212 
1.008530 
0.996444 
1.004694 
0.999847 
0.998124 
1.015369 
1.001665 
1.075489 
1.131566 
1.221878 
1.292052 
1.321902 
1.350708 
1.153176 
1.125043 
1.227226 
1.203301 
1.060264 
1.048846 
1.033547 
0.998456 
0.994019 
1.056791 
1.139253 
1.104372 
1.061126 
1.043530 
1.054321 
0.995303 
0.998049 
0.992428 
1.027165 
1.155363 
1.215209 
1.309629 
1.276903 
1.094587 
1.056457 
1.046076 
1.037933 
1.039276 
1.014999 
0.999550 
0.997802 
0.991522 
1.044248 
1.169803 
1.273294 
1.099011 
1.133122 
1.231704 
1.170032 
1.156467 
1.116593 
1.047400 
1.042850 
1.030019 
1.021659 
1.007650 
1.001993 
1.020455 
1.106255 
1.124727 
1.174925 
1.103132 
1.051612 
1.028232 
1.002371 
1.004809 
0.990025 
0.998468 
0.997644 
1.066052 
0.990700 
0.997231 
0.995928 
0.991386 
0.992951 
