1
0.065902 
0.073136 
0.077232 
0.070623 
0.070674 
0.072354 
0.072992 
0.070454 
0.072348 
0.069794 
0.071403 
0.071183 
0.074558 

2
0.070642 
0.070093 
0.068802 
0.070014 
0.066405 
0.070048 
0.067293 
0.069886 
0.066169 
0.069818 
0.066923 
0.068982 
0.066970 

4
0.072141 
0.065955 
0.069331 
0.065522 
0.070258 
0.065029 
0.069612 
0.064998 
0.067844 
0.065937 
0.070266 
0.065664 
0.070202 

8
0.069268 
0.070888 
0.068625 
0.068912 
0.065363 
0.067005 
0.064643 
0.069480 
0.065351 
0.069144 
0.065002 
0.069932 
0.066443 

16
0.072714 
0.065855 
0.070469 
0.065920 
0.067169 
0.064702 
0.067230 
0.065192 
0.068996 
0.064948 
0.068871 
0.065499 
0.069950 

32
0.068211 
0.069630 
0.065971 
0.071660 
0.065445 
0.071344 
0.065682 
0.067964 
0.065166 
0.068737 
0.065254 
0.068466 
0.065468 

64
0.070393 
0.064775 
0.068427 
0.064800 
0.086936 
0.065554 
0.070345 
0.065208 
0.067938 
0.064540 
0.068792 
0.064487 
0.068406 

128
0.067116 
0.067988 
0.065315 
0.070036 
0.067827 
0.066478 
0.065413 
0.068321 
0.063856 
0.066972 
0.064261 
0.068577 
0.064997 

256
0.070881 
0.065803 
0.069145 
0.065676 
0.072011 
0.066666 
0.068639 
0.065669 
0.068183 
0.063895 
0.067710 
0.064052 
0.067434 

512
0.066818 
0.069349 
0.065796 
0.069173 
0.065806 
0.070569 
0.066078 
0.070943 
0.066045 
0.068477 
0.065691 
0.067365 
0.064000 

1024
0.068326 
0.064409 
0.066988 
0.065495 
0.068630 
0.066466 
0.071260 
0.065427 
0.069827 
0.064530 
0.067066 
0.066459 
0.069457 

