1
0.276636 
0.278250 
0.278498 
0.280146 
0.280664 
0.277631 
0.281535 
0.278670 
0.279200 
0.275703 
0.282066 
0.278585 
0.276416 

2
0.275471 
0.279401 
0.277231 
0.281346 
0.280249 
0.281788 
0.280706 
0.277985 
0.277777 
0.279321 
0.281287 
0.281223 
0.280246 

4
0.281757 
0.285322 
0.284528 
0.276396 
0.277506 
0.282985 
0.282075 
0.277681 
0.280438 
0.281727 
0.283231 
0.279091 
0.281057 

8
0.287281 
0.283261 
0.282086 
0.278193 
0.282078 
0.281815 
0.277116 
0.279832 
0.281290 
0.284552 
0.277307 
0.278310 
0.280704 

16
0.277441 
0.279979 
0.278554 
0.280710 
0.279299 
0.279649 
0.283536 
0.281028 
0.281092 
0.280556 
0.279386 
0.278943 
0.278004 

32
0.275961 
0.279976 
0.278107 
0.284112 
0.278875 
0.277647 
0.279192 
0.277039 
0.280337 
0.279172 
0.279888 
0.281468 
0.281371 

64
0.284067 
0.281250 
0.278499 
0.276475 
0.280200 
0.275346 
0.277555 
0.280596 
0.274850 
0.278511 
0.283158 
0.281396 
0.278358 

128
0.284063 
0.281434 
0.283457 
0.280668 
0.279738 
0.278053 
0.281777 
0.276991 
0.283905 
0.278070 
0.282374 
0.282215 
0.277490 

256
0.279150 
0.279913 
0.278330 
0.279439 
0.278677 
0.278014 
0.284650 
0.283094 
0.278213 
0.279646 
0.278737 
0.281139 
0.282672 

512
0.283229 
0.277433 
0.278564 
0.278853 
0.280960 
0.278531 
0.281881 
0.280236 
0.280485 
0.281550 
0.281620 
0.274741 
0.279845 

1024
0.282689 
0.283506 
0.277923 
0.281327 
0.281148 
0.283405 
0.278186 
0.279096 
0.281241 
0.282652 
0.280367 
0.282338 
0.278817 

